$ANSIBLE_VAULT;1.1;AES256
34383135653530333461343361386335366332373264386536376133313633373833656537303363
3132646536663637386131303031626635373264336132300a636137373061613833383663333637
64313362363064623063353762333662643134346336393164316162636539626663643639646337
3964303937383361380a633835636436393462386530666534323966373363643532346331313931
66623939303732343232303539396563613765616565326363333430613265396635653966376531
63333761353434666433616665383063393639386465383439316639353033366632383064663632
62383636363433383634646263373436323938326633396434646266386264646338303535333565
66643034336161396364343232366334373334356562626131316139643135366164643963396262
35633939336132386261336637336631396662623765643662336438356266323439613835356134
31656437303339316238643965306338666434313731616139393732393063346162383630663631
38396632306531333363646363393638633066613536386665356664646565623263303334303461
63313963396534616263396430356335646339633635626634353834643832376135353563336462
66363966636336636531356566343731646365373539313665663066633736643834633963633962
61396364343238383531663864373763363937633933346135626635383362666162643264643264
31393538643639303336323564666562633839316664336462333264653339613863346130303864
65353037613934616638643962616463653166323664653866366666396430363966376437316137
36336433353362353164366163303833656433353234353938346466656534336661333565303535
30643931633561346133323364626466613361613934616138353361383662333436666538393231
32396434356636646265363730313732323430646631353965316432306165303733316234393163
38613632363532653132313933336539386538396261663363663736626139383933613261653261
36373230333234363662653336393162376231353537326635353138376265373331356662643638
66663338336639356563326335616562333438303539313463393965666363343762313366353062
35653465653061646230393962613131646566613332303537666165323363626530326633613366
64643466366435616633376635343830393730616661383666396264616135326666636232643763
39653331666137363836613237306262633033633536303663353163373436316463333338663665
64376639306162646665363432626165646564306631393762396163616635336163343633306438
33333738396136643463356338353233323436623939336231313838646233633831386266373461
30343733646630303437646366363964633363313331356133653336323464363763663666626634
63663237666331353436323636323332653439326434333134633663633238623866396437326661
65366636333965373962646136303139636662353966656263656239643334343831643864383731
32653037646438383337393534363332623465646561326638396465353161613065653461303166
30623432393438623739306436633731663835383630633532653330313739653265333630663065
64313064613336356434316237646661656566326166653834396436373164396263316538376561
36656365363535663563353733346230366636613730313863393864353336373966353664636365
64393530363438623765313531623837303833336633373431356464616632306463383930346437
38393465643163643261393433636531353636656162383837393036643233623262633061653166
34343036393330336339306162343539383063313366316639343234383065663139656563343730
38363839306437653562396632363237353537663362363762643234333833323435653161323834
33313165613761316332316234663466613039393539346561326438303537373362653331363034
39616364663031363763393365663861656338656362363231303063313866663965643963396263
34346431323730656365666531303939653263326264386633623630366236373339343663613462
3033646462353130386661633464383239323435363863616536
